309.0 303.0 273.0 0.000000
308.0 305.0 288.0 0.000884
309.0 304.0 293.0 0.001768
309.0 304.0 294.0 0.002652
308.0 305.0 297.0 0.003536
309.0 306.0 300.0 0.004420
309.0 305.0 300.0 0.005304
309.0 307.0 303.0 0.006188
309.0 307.0 305.0 0.007072
309.0 308.0 307.0 0.007956
309.0 308.0 309.0 0.008840
309.0 307.0 308.0 0.009724
310.0 307.0 306.0 0.010608
309.0 305.0 305.0 0.011492
309.0 305.0 305.0 0.012376
309.0 305.0 303.0 0.013260
310.0 305.0 302.0 0.014144
310.0 304.0 303.0 0.015028
310.0 304.0 302.0 0.015912
310.0 304.0 301.0 0.016796
311.0 304.0 300.0 0.017680
310.0 304.0 301.0 0.018564
310.0 304.0 299.0 0.019448
310.0 302.0 297.0 0.020332
311.0 302.0 295.0 0.021216
311.0 302.0 295.0 0.022100
310.0 303.0 295.0 0.022984
311.0 304.0 297.0 0.023868
310.0 304.0 299.0 0.024752
310.0 305.0 299.0 0.025636
309.0 306.0 302.0 0.026520
310.0 307.0 304.0 0.027404
310.0 308.0 307.0 0.028288
309.0 308.0 307.0 0.029172
310.0 308.0 306.0 0.030056
310.0 307.0 305.0 0.030940
309.0 307.0 304.0 0.031824
309.0 307.0 303.0 0.032708
309.0 306.0 302.0 0.033592
309.0 306.0 302.0 0.034476
308.0 306.0 302.0 0.035360
309.0 306.0 302.0 0.036244
309.0 306.0 301.0 0.037128
308.0 306.0 300.0 0.038012
308.0 306.0 300.0 0.038896
307.0 305.0 299.0 0.039780
309.0 303.0 297.0 0.040664
309.0 303.0 296.0 0.041548
308.0 303.0 296.0 0.042432
309.0 303.0 297.0 0.043316
309.0 304.0 298.0 0.044200
309.0 304.0 300.0 0.045084
310.0 304.0 301.0 0.045968
310.0 305.0 304.0 0.046852
310.0 306.0 306.0 0.047736
310.0 307.0 308.0 0.048620
310.0 307.0 308.0 0.049504
310.0 306.0 307.0 0.050388
310.0 305.0 305.0 0.051272
310.0 305.0 304.0 0.052156
310.0 305.0 303.0 0.053040
310.0 305.0 303.0 0.053924
310.0 305.0 302.0 0.054808
310.0 304.0 302.0 0.055692
311.0 305.0 301.0 0.056576
311.0 304.0 301.0 0.057460
311.0 304.0 300.0 0.058344
311.0 304.0 299.0 0.059228
310.0 305.0 297.0 0.060112
310.0 304.0 296.0 0.060996
310.0 303.0 294.0 0.061880
310.0 303.0 294.0 0.062764
310.0 304.0 296.0 0.063648
309.0 305.0 298.0 0.064532
310.0 306.0 299.0 0.065416
310.0 305.0 300.0 0.066300
310.0 307.0 303.0 0.067184
310.0 308.0 306.0 0.068068
310.0 309.0 307.0 0.068952
308.0 309.0 307.0 0.069836
309.0 308.0 306.0 0.070720
308.0 307.0 304.0 0.071604
309.0 307.0 304.0 0.072488
308.0 307.0 304.0 0.073372
309.0 306.0 303.0 0.074256
309.0 306.0 302.0 0.075140
309.0 306.0 302.0 0.076024
308.0 305.0 301.0 0.076908
309.0 306.0 301.0 0.077792
308.0 305.0 301.0 0.078676
308.0 304.0 300.0 0.079560
309.0 304.0 298.0 0.080444
308.0 303.0 296.0 0.081328
309.0 303.0 295.0 0.082212
309.0 302.0 295.0 0.083096
309.0 303.0 297.0 0.083980
309.0 304.0 299.0 0.084864
310.0 304.0 300.0 0.085748
310.0 305.0 303.0 0.086632
310.0 305.0 304.0 0.087516
310.0 307.0 307.0 0.088400
311.0 306.0 308.0 0.089284
310.0 307.0 307.0 0.090168
309.0 306.0 306.0 0.091052
310.0 305.0 304.0 0.091936
311.0 305.0 304.0 0.092820
310.0 305.0 303.0 0.093704
311.0 304.0 303.0 0.094588
311.0 305.0 302.0 0.095472
310.0 305.0 301.0 0.096356
310.0 305.0 300.0 0.097240
310.0 305.0 300.0 0.098124
310.0 305.0 299.0 0.099008
309.0 305.0 298.0 0.099892
310.0 304.0 296.0 0.100776
310.0 304.0 294.0 0.101660
310.0 303.0 294.0 0.102544
308.0 303.0 294.0 0.103428
309.0 305.0 297.0 0.104312
309.0 305.0 298.0 0.105196
309.0 306.0 300.0 0.106080
309.0 306.0 303.0 0.106964
309.0 307.0 305.0 0.107848
308.0 308.0 307.0 0.108732
309.0 308.0 308.0 0.109616
308.0 309.0 308.0 0.110500
309.0 307.0 306.0 0.111384
309.0 307.0 305.0 0.112268
309.0 307.0 304.0 0.113152
309.0 306.0 303.0 0.114036
309.0 306.0 302.0 0.114920
308.0 305.0 302.0 0.115804
308.0 305.0 302.0 0.116688
309.0 304.0 301.0 0.117572
309.0 304.0 301.0 0.118456
309.0 303.0 300.0 0.119340
309.0 303.0 299.0 0.120224
311.0 302.0 296.0 0.121108
311.0 302.0 295.0 0.121992
310.0 302.0 294.0 0.122876
310.0 302.0 296.0 0.123760
311.0 304.0 298.0 0.124644
311.0 304.0 299.0 0.125528
311.0 304.0 300.0 0.126412
310.0 306.0 303.0 0.127296
310.0 307.0 305.0 0.128180
310.0 308.0 307.0 0.129064
310.0 308.0 307.0 0.129948
309.0 308.0 305.0 0.130832
309.0 307.0 304.0 0.131716
310.0 306.0 303.0 0.132600
309.0 306.0 303.0 0.133484
309.0 306.0 302.0 0.134368
309.0 306.0 301.0 0.135252
309.0 306.0 301.0 0.136136
309.0 306.0 300.0 0.137020
309.0 305.0 300.0 0.137904
309.0 305.0 300.0 0.138788
309.0 305.0 300.0 0.139672
308.0 305.0 299.0 0.140556
308.0 304.0 297.0 0.141440
309.0 303.0 295.0 0.142324
309.0 303.0 295.0 0.143208
309.0 303.0 296.0 0.144092
308.0 304.0 298.0 0.144976
309.0 304.0 300.0 0.145860
310.0 304.0 301.0 0.146744
310.0 305.0 304.0 0.147628
310.0 306.0 306.0 0.148512
309.0 307.0 308.0 0.149396
310.0 306.0 308.0 0.150280
310.0 306.0 306.0 0.151164
311.0 305.0 304.0 0.152048
310.0 305.0 304.0 0.152932
310.0 305.0 303.0 0.153816
310.0 305.0 303.0 0.154700
310.0 305.0 302.0 0.155584
310.0 304.0 302.0 0.156468
310.0 304.0 300.0 0.157352
310.0 304.0 300.0 0.158236
310.0 304.0 299.0 0.159120
310.0 305.0 299.0 0.160004
310.0 304.0 297.0 0.160888
310.0 304.0 295.0 0.161772
311.0 303.0 294.0 0.162656
311.0 303.0 294.0 0.163540
309.0 304.0 296.0 0.164424
310.0 305.0 297.0 0.165308
310.0 305.0 299.0 0.166192
310.0 306.0 301.0 0.167076
310.0 307.0 304.0 0.167960
310.0 308.0 306.0 0.168844
310.0 308.0 307.0 0.169728
309.0 308.0 307.0 0.170612
309.0 307.0 305.0 0.171496
308.0 307.0 304.0 0.172380
309.0 306.0 304.0 0.173264
309.0 307.0 303.0 0.174148
309.0 305.0 302.0 0.175032
308.0 306.0 302.0 0.175916
309.0 306.0 302.0 0.176800
308.0 306.0 301.0 0.177684
308.0 305.0 300.0 0.178568
309.0 304.0 300.0 0.179452
309.0 305.0 300.0 0.180336
308.0 304.0 298.0 0.181220
309.0 303.0 296.0 0.182104
309.0 302.0 295.0 0.182988
308.0 303.0 295.0 0.183872
308.0 304.0 297.0 0.184756
310.0 304.0 299.0 0.185640
310.0 305.0 301.0 0.186524
309.0 305.0 302.0 0.187408
309.0 306.0 305.0 0.188292
309.0 307.0 306.0 0.189176
310.0 307.0 308.0 0.190060
310.0 306.0 307.0 0.190944
310.0 306.0 306.0 0.191828
310.0 305.0 305.0 0.192712
310.0 305.0 304.0 0.193596
310.0 305.0 303.0 0.194480
310.0 304.0 302.0 0.195364
310.0 304.0 302.0 0.196248
310.0 305.0 302.0 0.197132
310.0 304.0 301.0 0.198016
310.0 304.0 301.0 0.198900
310.0 304.0 300.0 0.199784
311.0 304.0 300.0 0.200668
311.0 303.0 297.0 0.201552
310.0 302.0 295.0 0.202436
310.0 303.0 295.0 0.203320
310.0 304.0 295.0 0.204204
310.0 304.0 298.0 0.205088
311.0 305.0 299.0 0.205972
310.0 305.0 299.0 0.206856
309.0 306.0 301.0 0.207740
310.0 307.0 304.0 0.208624
310.0 308.0 306.0 0.209508
309.0 309.0 307.0 0.210392
309.0 308.0 307.0 0.211276
309.0 307.0 304.0 0.212160
309.0 307.0 304.0 0.213044
309.0 306.0 304.0 0.213928
309.0 306.0 303.0 0.214812
308.0 306.0 303.0 0.215696
309.0 306.0 302.0 0.216580
309.0 305.0 302.0 0.217464
309.0 305.0 301.0 0.218348
308.0 305.0 300.0 0.219232
308.0 304.0 300.0 0.220116
310.0 304.0 299.0 0.221000
309.0 303.0 297.0 0.221884
309.0 302.0 295.0 0.222768
310.0 302.0 296.0 0.223652
310.0 302.0 296.0 0.224536
310.0 303.0 298.0 0.225420
310.0 304.0 299.0 0.226304
310.0 304.0 300.0 0.227188
310.0 305.0 303.0 0.228072
310.0 306.0 305.0 0.228956
310.0 307.0 309.0 0.229840
310.0 307.0 307.0 0.230724
310.0 307.0 306.0 0.231608
310.0 306.0 305.0 0.232492
310.0 306.0 304.0 0.233376
311.0 306.0 303.0 0.234260
310.0 306.0 303.0 0.235144
310.0 306.0 303.0 0.236028
310.0 305.0 301.0 0.236912
310.0 305.0 301.0 0.237796
310.0 305.0 300.0 0.238680
311.0 305.0 299.0 0.239564
310.0 305.0 300.0 0.240448
310.0 305.0 298.0 0.241332
310.0 304.0 295.0 0.242216
310.0 304.0 294.0 0.243100
310.0 303.0 295.0 0.243984
309.0 303.0 296.0 0.244868
309.0 305.0 298.0 0.245752
309.0 306.0 299.0 0.246636
309.0 306.0 301.0 0.247520
308.0 307.0 305.0 0.248404
309.0 307.0 306.0 0.249288
308.0 308.0 308.0 0.250172
309.0 308.0 308.0 0.251056
309.0 307.0 307.0 0.251940
308.0 306.0 305.0 0.252824
309.0 306.0 304.0 0.253708
309.0 306.0 303.0 0.254592
309.0 306.0 303.0 0.255476
310.0 306.0 302.0 0.256360
309.0 305.0 303.0 0.257244
309.0 305.0 302.0 0.258128
309.0 304.0 301.0 0.259012
310.0 304.0 301.0 0.259896
310.0 304.0 300.0 0.260780
310.0 303.0 298.0 0.261664
310.0 302.0 296.0 0.262548
310.0 302.0 295.0 0.263432
310.0 302.0 295.0 0.264316
310.0 303.0 297.0 0.265200
310.0 304.0 299.0 0.266084
311.0 304.0 300.0 0.266968
310.0 305.0 302.0 0.267852
310.0 306.0 304.0 0.268736
310.0 307.0 306.0 0.269620
311.0 308.0 308.0 0.270504
311.0 308.0 308.0 0.271388
311.0 307.0 306.0 0.272272
311.0 306.0 304.0 0.273156
310.0 306.0 303.0 0.274040
311.0 306.0 302.0 0.274924
310.0 306.0 302.0 0.275808
310.0 306.0 302.0 0.276692
310.0 306.0 301.0 0.277576
310.0 306.0 300.0 0.278460
310.0 305.0 300.0 0.279344
310.0 306.0 299.0 0.280228
310.0 306.0 299.0 0.281112
309.0 305.0 297.0 0.281996
310.0 304.0 296.0 0.282880
309.0 303.0 294.0 0.283764
309.0 304.0 294.0 0.284648
309.0 304.0 297.0 0.285532
309.0 305.0 299.0 0.286416
308.0 305.0 300.0 0.287300
309.0 306.0 302.0 0.288184
309.0 307.0 305.0 0.289068
308.0 307.0 307.0 0.289952
309.0 308.0 309.0 0.290836
308.0 307.0 307.0 0.291720
309.0 306.0 305.0 0.292604
309.0 306.0 304.0 0.293488
310.0 305.0 304.0 0.294372
309.0 305.0 303.0 0.295256
310.0 304.0 303.0 0.296140
310.0 305.0 302.0 0.297024
310.0 305.0 302.0 0.297908
310.0 304.0 301.0 0.298792
309.0 304.0 301.0 0.299676
310.0 304.0 300.0 0.300560
311.0 304.0 299.0 0.301444
310.0 302.0 296.0 0.302328
310.0 302.0 295.0 0.303212
310.0 302.0 294.0 0.304096
310.0 302.0 295.0 0.304980
310.0 304.0 297.0 0.305864
310.0 305.0 299.0 0.306748
310.0 304.0 299.0 0.307632
311.0 306.0 302.0 0.308516
310.0 307.0 304.0 0.309400
310.0 308.0 306.0 0.310284
309.0 308.0 307.0 0.311168
310.0 308.0 306.0 0.312052
310.0 307.0 304.0 0.312936
309.0 307.0 304.0 0.313820
309.0 306.0 302.0 0.314704
309.0 307.0 302.0 0.315588
308.0 307.0 302.0 0.316472
309.0 306.0 302.0 0.317356
308.0 306.0 301.0 0.318240
309.0 306.0 301.0 0.319124
309.0 305.0 300.0 0.320008
308.0 305.0 300.0 0.320892
309.0 305.0 299.0 0.321776
309.0 304.0 296.0 0.322660
309.0 303.0 295.0 0.323544
309.0 303.0 296.0 0.324428
308.0 303.0 296.0 0.325312
308.0 304.0 298.0 0.326196
309.0 304.0 300.0 0.327080
309.0 304.0 301.0 0.327964
310.0 305.0 304.0 0.328848
310.0 306.0 306.0 0.329732
310.0 306.0 308.0 0.330616
310.0 307.0 308.0 0.331500
310.0 306.0 307.0 0.332384
310.0 305.0 305.0 0.333268
310.0 306.0 303.0 0.334152
310.0 305.0 303.0 0.335036
310.0 305.0 303.0 0.335920
310.0 305.0 302.0 0.336804
310.0 304.0 301.0 0.337688
310.0 304.0 301.0 0.338572
311.0 305.0 300.0 0.339456
310.0 305.0 300.0 0.340340
310.0 304.0 299.0 0.341224
310.0 304.0 298.0 0.342108
309.0 304.0 296.0 0.342992
311.0 303.0 294.0 0.343876
309.0 304.0 294.0 0.344760
309.0 304.0 296.0 0.345644
309.0 305.0 298.0 0.346528
309.0 306.0 299.0 0.347412
309.0 306.0 301.0 0.348296
309.0 307.0 304.0 0.349180
309.0 308.0 307.0 0.350064
308.0 308.0 308.0 0.350948
308.0 307.0 308.0 0.351832
309.0 308.0 306.0 0.352716
309.0 306.0 305.0 0.353600
309.0 306.0 304.0 0.354484
308.0 306.0 303.0 0.355368
308.0 306.0 303.0 0.356252
309.0 306.0 302.0 0.357136
309.0 305.0 302.0 0.358020
310.0 305.0 301.0 0.358904
310.0 304.0 301.0 0.359788
310.0 304.0 300.0 0.360672
310.0 304.0 300.0 0.361556
309.0 304.0 298.0 0.362440
310.0 302.0 296.0 0.363324
310.0 302.0 295.0 0.364208
310.0 302.0 295.0 0.365092
310.0 303.0 298.0 0.365976
310.0 304.0 299.0 0.366860
310.0 304.0 300.0 0.367744
311.0 305.0 302.0 0.368628
311.0 306.0 304.0 0.369512
310.0 308.0 306.0 0.370396
311.0 308.0 308.0 0.371280
311.0 308.0 307.0 0.372164
310.0 308.0 305.0 0.373048
310.0 307.0 304.0 0.373932
310.0 306.0 304.0 0.374816
309.0 307.0 302.0 0.375700
310.0 306.0 301.0 0.376584
310.0 306.0 301.0 0.377468
309.0 306.0 301.0 0.378352
310.0 306.0 300.0 0.379236
309.0 305.0 300.0 0.380120
309.0 305.0 300.0 0.381004
309.0 306.0 300.0 0.381888
309.0 305.0 297.0 0.382772
309.0 303.0 296.0 0.383656
308.0 303.0 295.0 0.384540
308.0 303.0 296.0 0.385424
309.0 304.0 298.0 0.386308
309.0 304.0 299.0 0.387192
308.0 305.0 301.0 0.388076
309.0 305.0 303.0 0.388960
310.0 307.0 305.0 0.389844
310.0 307.0 307.0 0.390728
308.0 308.0 309.0 0.391612
309.0 307.0 308.0 0.392496
309.0 306.0 306.0 0.393380
310.0 306.0 305.0 0.394264
310.0 305.0 304.0 0.395148
310.0 304.0 303.0 0.396032
310.0 304.0 302.0 0.396916
311.0 305.0 302.0 0.397800
310.0 304.0 302.0 0.398684
310.0 304.0 301.0 0.399568
310.0 304.0 300.0 0.400452
310.0 304.0 299.0 0.401336
310.0 304.0 299.0 0.402220
310.0 304.0 297.0 0.403104
310.0 303.0 295.0 0.403988
311.0 303.0 295.0 0.404872
310.0 304.0 295.0 0.405756
310.0 304.0 297.0 0.406640
310.0 305.0 299.0 0.407524
310.0 305.0 299.0 0.408408
309.0 306.0 302.0 0.409292
309.0 308.0 305.0 0.410176
310.0 308.0 306.0 0.411060
309.0 309.0 308.0 0.411944
309.0 308.0 307.0 0.412828
308.0 307.0 305.0 0.413712
309.0 307.0 304.0 0.414596
309.0 307.0 304.0 0.415480
309.0 307.0 302.0 0.416364
308.0 306.0 302.0 0.417248
309.0 306.0 302.0 0.418132
309.0 307.0 302.0 0.419016
309.0 305.0 302.0 0.419900
309.0 305.0 301.0 0.420784
308.0 305.0 301.0 0.421668
309.0 305.0 299.0 0.422552
309.0 303.0 297.0 0.423436
309.0 303.0 295.0 0.424320
309.0 302.0 295.0 0.425204
309.0 302.0 295.0 0.426088
309.0 303.0 298.0 0.426972
309.0 304.0 299.0 0.427856
310.0 304.0 300.0 0.428740
311.0 305.0 303.0 0.429624
310.0 306.0 306.0 0.430508
310.0 307.0 307.0 0.431392
309.0 307.0 307.0 0.432276
310.0 306.0 306.0 0.433160
310.0 306.0 305.0 0.434044
310.0 306.0 304.0 0.434928
310.0 306.0 303.0 0.435812
310.0 305.0 301.0 0.436696
310.0 306.0 301.0 0.437580
311.0 306.0 301.0 0.438464
310.0 306.0 300.0 0.439348
310.0 306.0 300.0 0.440232
310.0 306.0 300.0 0.441116
310.0 305.0 299.0 0.442000
309.0 305.0 297.0 0.442884
310.0 304.0 295.0 0.443768
310.0 304.0 294.0 0.444652
309.0 303.0 294.0 0.445536
309.0 304.0 296.0 0.446420
309.0 305.0 298.0 0.447304
309.0 305.0 300.0 0.448188
309.0 306.0 301.0 0.449072
308.0 307.0 304.0 0.449956
308.0 307.0 306.0 0.450840
308.0 309.0 308.0 0.451724
309.0 308.0 308.0 0.452608
309.0 307.0 307.0 0.453492
308.0 306.0 305.0 0.454376
309.0 306.0 304.0 0.455260
309.0 306.0 304.0 0.456144
310.0 305.0 303.0 0.457028
309.0 305.0 302.0 0.457912
309.0 304.0 302.0 0.458796
309.0 304.0 302.0 0.459680
309.0 304.0 300.0 0.460564
310.0 304.0 300.0 0.461448
310.0 303.0 300.0 0.462332
310.0 303.0 298.0 0.463216
310.0 303.0 296.0 0.464100
310.0 302.0 295.0 0.464984
310.0 302.0 295.0 0.465868
310.0 302.0 296.0 0.466752
310.0 304.0 298.0 0.467636
311.0 304.0 300.0 0.468520
311.0 304.0 301.0 0.469404
311.0 306.0 304.0 0.470288
310.0 307.0 306.0 0.471172
310.0 308.0 308.0 0.472056
310.0 307.0 307.0 0.472940
310.0 307.0 305.0 0.473824
310.0 306.0 303.0 0.474708
310.0 306.0 303.0 0.475592
310.0 307.0 303.0 0.476476
310.0 306.0 302.0 0.477360
310.0 306.0 302.0 0.478244
311.0 306.0 301.0 0.479128
309.0 306.0 300.0 0.480012
309.0 305.0 299.0 0.480896
310.0 305.0 299.0 0.481780
310.0 305.0 299.0 0.482664
309.0 305.0 297.0 0.483548
309.0 303.0 296.0 0.484432
309.0 304.0 294.0 0.485316
309.0 303.0 295.0 0.486200
309.0 304.0 297.0 0.487084
309.0 305.0 299.0 0.487968
308.0 306.0 300.0 0.488852
308.0 306.0 302.0 0.489736
309.0 307.0 306.0 0.490620
309.0 308.0 307.0 0.491504
309.0 307.0 309.0 0.492388
309.0 308.0 307.0 0.493272
309.0 307.0 306.0 0.494156
309.0 306.0 305.0 0.495040
309.0 306.0 304.0 0.495924
309.0 305.0 303.0 0.496808
309.0 305.0 303.0 0.497692
310.0 305.0 303.0 0.498576
310.0 304.0 302.0 0.499460
310.0 304.0 301.0 0.500344
310.0 304.0 300.0 0.501228
311.0 304.0 300.0 0.502112
310.0 304.0 300.0 0.502996
310.0 302.0 297.0 0.503880
310.0 302.0 294.0 0.504764
310.0 302.0 295.0 0.505648
311.0 302.0 295.0 0.506532
311.0 304.0 298.0 0.507416
310.0 305.0 299.0 0.508300
310.0 304.0 300.0 0.509184
310.0 306.0 302.0 0.510068
311.0 307.0 305.0 0.510952
310.0 308.0 306.0 0.511836
310.0 309.0 307.0 0.512720
310.0 308.0 306.0 0.513604
310.0 308.0 304.0 0.514488
310.0 306.0 304.0 0.515372
310.0 306.0 304.0 0.516256
309.0 307.0 302.0 0.517140
309.0 306.0 302.0 0.518024
309.0 306.0 302.0 0.518908
309.0 306.0 301.0 0.519792
309.0 306.0 301.0 0.520676
308.0 305.0 301.0 0.521560
308.0 305.0 300.0 0.522444
308.0 306.0 300.0 0.523328
308.0 304.0 297.0 0.524212
309.0 303.0 295.0 0.525096
309.0 303.0 295.0 0.525980
308.0 303.0 297.0 0.526864
309.0 304.0 299.0 0.527748
309.0 305.0 300.0 0.528632
309.0 304.0 301.0 0.529516
309.0 305.0 304.0 0.530400
310.0 306.0 306.0 0.531284
310.0 307.0 308.0 0.532168
310.0 307.0 308.0 0.533052
311.0 306.0 307.0 0.533936
310.0 304.0 305.0 0.534820
310.0 305.0 303.0 0.535704
310.0 305.0 303.0 0.536588
311.0 304.0 302.0 0.537472
311.0 305.0 302.0 0.538356
311.0 305.0 302.0 0.539240
311.0 305.0 302.0 0.540124
310.0 304.0 300.0 0.541008
310.0 305.0 300.0 0.541892
310.0 304.0 299.0 0.542776
310.0 304.0 298.0 0.543660
311.0 303.0 295.0 0.544544
310.0 303.0 294.0 0.545428
308.0 304.0 294.0 0.546312
310.0 304.0 295.0 0.547196
310.0 305.0 297.0 0.548080
310.0 306.0 299.0 0.548964
309.0 306.0 301.0 0.549848
309.0 308.0 304.0 0.550732
309.0 308.0 306.0 0.551616
308.0 308.0 308.0 0.552500
309.0 308.0 307.0 0.553384
309.0 307.0 306.0 0.554268
309.0 307.0 305.0 0.555152
308.0 306.0 304.0 0.556036
309.0 306.0 304.0 0.556920
308.0 306.0 303.0 0.557804
308.0 306.0 303.0 0.558688
308.0 305.0 302.0 0.559572
308.0 305.0 301.0 0.560456
309.0 305.0 301.0 0.561340
308.0 305.0 300.0 0.562224
309.0 305.0 300.0 0.563108
309.0 303.0 298.0 0.563992
309.0 302.0 296.0 0.564876
310.0 302.0 295.0 0.565760
310.0 302.0 295.0 0.566644
310.0 302.0 297.0 0.567528
310.0 304.0 299.0 0.568412
310.0 304.0 299.0 0.569296
310.0 304.0 302.0 0.570180
311.0 306.0 305.0 0.571064
311.0 307.0 307.0 0.571948
310.0 308.0 307.0 0.572832
310.0 307.0 306.0 0.573716
310.0 307.0 304.0 0.574600
310.0 307.0 304.0 0.575484
310.0 306.0 303.0 0.576368
310.0 306.0 302.0 0.577252
310.0 306.0 301.0 0.578136
309.0 306.0 301.0 0.579020
310.0 306.0 300.0 0.579904
310.0 306.0 300.0 0.580788
309.0 306.0 299.0 0.581672
309.0 305.0 300.0 0.582556
308.0 305.0 299.0 0.583440
309.0 305.0 298.0 0.584324
308.0 303.0 296.0 0.585208
309.0 303.0 295.0 0.586092
308.0 303.0 296.0 0.586976
308.0 305.0 298.0 0.587860
308.0 304.0 300.0 0.588744
308.0 305.0 301.0 0.589628
308.0 306.0 303.0 0.590512
309.0 306.0 305.0 0.591396
309.0 307.0 307.0 0.592280
310.0 307.0 308.0 0.593164
310.0 307.0 307.0 0.594048
310.0 306.0 305.0 0.594932
310.0 305.0 305.0 0.595816
310.0 305.0 304.0 0.596700
310.0 304.0 303.0 0.597584
310.0 304.0 302.0 0.598468
311.0 304.0 301.0 0.599352
309.0 304.0 301.0 0.600236
310.0 304.0 301.0 0.601120
311.0 304.0 300.0 0.602004
310.0 304.0 300.0 0.602888
310.0 304.0 299.0 0.603772
310.0 303.0 296.0 0.604656
311.0 303.0 295.0 0.605540
310.0 303.0 294.0 0.606424
310.0 303.0 295.0 0.607308
310.0 304.0 297.0 0.608192
309.0 305.0 299.0 0.609076
310.0 306.0 299.0 0.609960
309.0 306.0 302.0 0.610844
310.0 307.0 304.0 0.611728
310.0 309.0 307.0 0.612612
309.0 308.0 307.0 0.613496
308.0 308.0 306.0 0.614380
309.0 307.0 304.0 0.615264
309.0 307.0 304.0 0.616148
309.0 306.0 304.0 0.617032
308.0 307.0 303.0 0.617916
309.0 307.0 303.0 0.618800
309.0 306.0 302.0 0.619684
309.0 305.0 301.0 0.620568
309.0 305.0 301.0 0.621452
309.0 304.0 300.0 0.622336
308.0 304.0 301.0 0.623220
308.0 305.0 299.0 0.624104
308.0 303.0 297.0 0.624988
309.0 303.0 295.0 0.625872
309.0 303.0 295.0 0.626756
309.0 302.0 296.0 0.627640
309.0 303.0 299.0 0.628524
309.0 304.0 300.0 0.629408
310.0 304.0 300.0 0.630292
310.0 305.0 303.0 0.631176
310.0 306.0 306.0 0.632060
310.0 306.0 308.0 0.632944
310.0 307.0 307.0 0.633828
310.0 306.0 306.0 0.634712
310.0 305.0 304.0 0.635596
311.0 306.0 303.0 0.636480
311.0 305.0 303.0 0.637364
310.0 305.0 302.0 0.638248
310.0 305.0 302.0 0.639132
310.0 305.0 302.0 0.640016
311.0 305.0 301.0 0.640900
310.0 304.0 300.0 0.641784
310.0 304.0 298.0 0.642668
310.0 304.0 299.0 0.643552
310.0 304.0 297.0 0.644436
310.0 303.0 295.0 0.645320
309.0 303.0 294.0 0.646204
309.0 304.0 294.0 0.647088
310.0 303.0 296.0 0.647972
310.0 305.0 298.0 0.648856
309.0 305.0 299.0 0.649740
309.0 306.0 301.0 0.650624
309.0 307.0 304.0 0.651508
309.0 308.0 306.0 0.652392
308.0 309.0 308.0 0.653276
309.0 308.0 308.0 0.654160
309.0 308.0 306.0 0.655044
309.0 307.0 305.0 0.655928
309.0 307.0 304.0 0.656812
308.0 307.0 304.0 0.657696
309.0 307.0 303.0 0.658580
309.0 306.0 303.0 0.659464
308.0 306.0 302.0 0.660348
309.0 306.0 301.0 0.661232
309.0 305.0 301.0 0.662116
309.0 305.0 301.0 0.663000
309.0 305.0 301.0 0.663884
309.0 304.0 298.0 0.664768
310.0 303.0 296.0 0.665652
309.0 302.0 295.0 0.666536
310.0 303.0 295.0 0.667420
310.0 303.0 297.0 0.668304
310.0 303.0 299.0 0.669188
311.0 303.0 300.0 0.670072
310.0 304.0 302.0 0.670956
310.0 306.0 305.0 0.671840
310.0 306.0 306.0 0.672724
310.0 306.0 307.0 0.673608
310.0 306.0 307.0 0.674492
311.0 306.0 305.0 0.675376
311.0 306.0 304.0 0.676260
310.0 306.0 303.0 0.677144
310.0 306.0 303.0 0.678028
310.0 305.0 301.0 0.678912
310.0 306.0 302.0 0.679796
310.0 306.0 301.0 0.680680
310.0 306.0 300.0 0.681564
309.0 306.0 300.0 0.682448
310.0 305.0 300.0 0.683332
311.0 304.0 299.0 0.684216
310.0 304.0 296.0 0.685100
309.0 304.0 295.0 0.685984
309.0 303.0 294.0 0.686868
310.0 304.0 294.0 0.687752
309.0 304.0 297.0 0.688636
308.0 306.0 299.0 0.689520
309.0 306.0 300.0 0.690404
309.0 306.0 302.0 0.691288
309.0 307.0 304.0 0.692172
308.0 308.0 307.0 0.693056
308.0 309.0 308.0 0.693940
309.0 308.0 308.0 0.694824
309.0 307.0 306.0 0.695708
309.0 307.0 305.0 0.696592
308.0 307.0 304.0 0.697476
308.0 306.0 303.0 0.698360
309.0 305.0 302.0 0.699244
309.0 305.0 303.0 0.700128
309.0 306.0 302.0 0.701012
308.0 305.0 301.0 0.701896
309.0 305.0 300.0 0.702780
308.0 305.0 300.0 0.703664
308.0 305.0 299.0 0.704548
310.0 303.0 296.0 0.705432
309.0 303.0 295.0 0.706316
310.0 302.0 295.0 0.707200
310.0 302.0 296.0 0.708084
310.0 303.0 298.0 0.708968
310.0 304.0 299.0 0.709852
310.0 304.0 300.0 0.710736
311.0 304.0 303.0 0.711620
310.0 305.0 305.0 0.712504
310.0 307.0 307.0 0.713388
310.0 307.0 308.0 0.714272
310.0 306.0 307.0 0.715156
310.0 306.0 305.0 0.716040
309.0 306.0 303.0 0.716924
310.0 305.0 303.0 0.717808
310.0 305.0 302.0 0.718692
310.0 304.0 301.0 0.719576
310.0 305.0 301.0 0.720460
311.0 305.0 300.0 0.721344
310.0 305.0 300.0 0.722228
310.0 305.0 300.0 0.723112
309.0 305.0 300.0 0.723996
310.0 305.0 297.0 0.724880
309.0 304.0 295.0 0.725764
310.0 303.0 295.0 0.726648
310.0 303.0 294.0 0.727532
309.0 304.0 296.0 0.728416
309.0 305.0 298.0 0.729300
309.0 305.0 299.0 0.730184
309.0 306.0 300.0 0.731068
308.0 307.0 304.0 0.731952
308.0 308.0 307.0 0.732836
309.0 307.0 308.0 0.733720
308.0 308.0 307.0 0.734604
309.0 307.0 306.0 0.735488
308.0 307.0 305.0 0.736372
308.0 307.0 305.0 0.737256
309.0 306.0 304.0 0.738140
310.0 306.0 303.0 0.739024
308.0 305.0 302.0 0.739908
309.0 305.0 302.0 0.740792
309.0 304.0 302.0 0.741676
310.0 304.0 301.0 0.742560
309.0 304.0 301.0 0.743444
310.0 303.0 300.0 0.744328
310.0 304.0 299.0 0.745212
310.0 302.0 297.0 0.746096
310.0 302.0 295.0 0.746980
309.0 302.0 295.0 0.747864
310.0 303.0 297.0 0.748748
310.0 304.0 299.0 0.749632
310.0 304.0 300.0 0.750516
311.0 305.0 302.0 0.751400
311.0 306.0 304.0 0.752284
310.0 307.0 306.0 0.753168
310.0 308.0 307.0 0.754052
310.0 308.0 306.0 0.754936
311.0 308.0 305.0 0.755820
310.0 307.0 304.0 0.756704
310.0 307.0 303.0 0.757588
311.0 307.0 303.0 0.758472
309.0 307.0 302.0 0.759356
310.0 306.0 302.0 0.760240
310.0 306.0 301.0 0.761124
310.0 305.0 300.0 0.762008
310.0 305.0 300.0 0.762892
309.0 306.0 300.0 0.763776
309.0 306.0 299.0 0.764660
309.0 305.0 297.0 0.765544
309.0 304.0 295.0 0.766428
309.0 303.0 295.0 0.767312
308.0 303.0 296.0 0.768196
309.0 304.0 297.0 0.769080
309.0 305.0 299.0 0.769964
308.0 305.0 300.0 0.770848
308.0 305.0 303.0 0.771732
309.0 306.0 305.0 0.772616
310.0 307.0 307.0 0.773500
310.0 307.0 309.0 0.774384
309.0 307.0 307.0 0.775268
309.0 306.0 306.0 0.776152
310.0 306.0 305.0 0.777036
310.0 305.0 303.0 0.777920
310.0 305.0 303.0 0.778804
310.0 305.0 302.0 0.779688
310.0 304.0 302.0 0.780572
310.0 304.0 301.0 0.781456
310.0 304.0 301.0 0.782340
310.0 304.0 300.0 0.783224
311.0 304.0 299.0 0.784108
311.0 304.0 299.0 0.784992
310.0 304.0 297.0 0.785876
310.0 304.0 295.0 0.786760
310.0 303.0 294.0 0.787644
311.0 303.0 295.0 0.788528
311.0 304.0 297.0 0.789412
310.0 305.0 298.0 0.790296
310.0 305.0 299.0 0.791180
310.0 306.0 302.0 0.792064
310.0 308.0 305.0 0.792948
309.0 309.0 307.0 0.793832
309.0 309.0 308.0 0.794716
309.0 308.0 307.0 0.795600
308.0 307.0 305.0 0.796484
309.0 307.0 304.0 0.797368
308.0 307.0 304.0 0.798252
308.0 306.0 304.0 0.799136
309.0 306.0 302.0 0.800020
309.0 306.0 302.0 0.800904
308.0 307.0 302.0 0.801788
309.0 305.0 302.0 0.802672
309.0 305.0 301.0 0.803556
308.0 305.0 301.0 0.804440
309.0 305.0 300.0 0.805324
309.0 303.0 297.0 0.806208
309.0 303.0 296.0 0.807092
310.0 302.0 295.0 0.807976
309.0 302.0 296.0 0.808860
309.0 303.0 298.0 0.809744
310.0 303.0 300.0 0.810628
310.0 304.0 301.0 0.811512
310.0 305.0 303.0 0.812396
310.0 306.0 306.0 0.813280
310.0 307.0 307.0 0.814164
310.0 307.0 307.0 0.815048
310.0 306.0 306.0 0.815932
310.0 306.0 305.0 0.816816
310.0 306.0 304.0 0.817700
311.0 306.0 303.0 0.818584
311.0 306.0 303.0 0.819468
310.0 306.0 302.0 0.820352
310.0 305.0 300.0 0.821236
310.0 305.0 301.0 0.822120
310.0 305.0 300.0 0.823004
311.0 304.0 299.0 0.823888
309.0 305.0 299.0 0.824772
310.0 305.0 298.0 0.825656
309.0 304.0 295.0 0.826540
310.0 303.0 294.0 0.827424
310.0 303.0 294.0 0.828308
309.0 303.0 296.0 0.829192
309.0 305.0 298.0 0.830076
309.0 305.0 299.0 0.830960
309.0 306.0 302.0 0.831844
309.0 307.0 304.0 0.832728
308.0 308.0 306.0 0.833612
308.0 309.0 308.0 0.834496
309.0 308.0 308.0 0.835380
308.0 307.0 307.0 0.836264
309.0 307.0 305.0 0.837148
309.0 305.0 304.0 0.838032
310.0 306.0 303.0 0.838916
310.0 306.0 303.0 0.839800
309.0 305.0 302.0 0.840684
309.0 304.0 302.0 0.841568
309.0 304.0 301.0 0.842452
310.0 304.0 301.0 0.843336
310.0 304.0 301.0 0.844220
310.0 304.0 300.0 0.845104
310.0 303.0 298.0 0.845988
310.0 302.0 296.0 0.846872
310.0 302.0 295.0 0.847756
310.0 302.0 295.0 0.848640
310.0 302.0 296.0 0.849524
310.0 304.0 298.0 0.850408
310.0 304.0 300.0 0.851292
311.0 305.0 302.0 0.852176
311.0 306.0 304.0 0.853060
310.0 307.0 306.0 0.853944
310.0 308.0 307.0 0.854828
310.0 308.0 307.0 0.855712
311.0 308.0 305.0 0.856596
310.0 306.0 304.0 0.857480
310.0 306.0 303.0 0.858364
310.0 306.0 302.0 0.859248
310.0 306.0 302.0 0.860132
310.0 306.0 302.0 0.861016
309.0 306.0 301.0 0.861900
309.0 306.0 300.0 0.862784
309.0 306.0 300.0 0.863668
309.0 305.0 300.0 0.864552
309.0 305.0 300.0 0.865436
308.0 305.0 298.0 0.866320
309.0 304.0 296.0 0.867204
309.0 303.0 295.0 0.868088
308.0 303.0 295.0 0.868972
308.0 303.0 297.0 0.869856
310.0 304.0 299.0 0.870740
309.0 304.0 300.0 0.871624
309.0 305.0 303.0 0.872508
310.0 306.0 305.0 0.873392
309.0 307.0 307.0 0.874276
310.0 306.0 308.0 0.875160
310.0 307.0 308.0 0.876044
310.0 306.0 306.0 0.876928
310.0 305.0 305.0 0.877812
310.0 305.0 303.0 0.878696
310.0 305.0 303.0 0.879580
310.0 305.0 302.0 0.880464
310.0 304.0 301.0 0.881348
311.0 304.0 302.0 0.882232
310.0 305.0 301.0 0.883116
DETAILS