444
444
444
469
469
469
469
469
469
469
469
469
469
468
469
468
469
469
468
468
469
468
468
468
468
469
468
468
469
469
469
469
469
468
469
469
469
469
469
469
469
469
468
468
468
469
469
468
468
468
468
468
463
462
458
468
468
468
441
468
468
468
465
467
468
468
468
469
469
469
469
469
469
469
469
468
469
469
469
469
469
468
469
469
469
469
468
468
0 
0 
0 
0 
0 
0 
0 
0 
0 
0 
0 
0 
0 
0 
0 
0 
0 
0 
0 
0 
0 
1
1
0 
0 
0 
0 
0 
0 
0 
0 
0 
0 
0 
0 
0 
0 
0 
0 
0 
0 
0 
1
0 
0 
0 
0 
0 
0 
0 
0 
0 
0 
0 
0 
1
0 
0 
0 
0 
0 
0 
0 
0 
1
0 
1
0 
0 
0 
0 
0 
0 
0 
0 
0 
0 
0 
0 
0 
0 
0 
0 
0 
0 
0 
0 
0 
0 
0 
0 
10
0 
0 
0 
0 
0 
0 
472
475
475
476
464
477
476
477
478
477
477
478
479
479
479
479
480
480
480
480
480
480
481
481
482
481
482
482
483
484
485
485
485
486
486
487
487
487
487
488
489
489
490
490
491
491
491
492
492
493
493
494
495
495
495
496
496
497
497
498
499
500
500
501
501
501
502
503
504
504
505
505
506
507
507
507
508
509
510
510
511
512
513
513
514
514
515
516
517
518
519
519
520
520
520
521
521
522
523
524
524
526
526
528
528
528
529
530
531
531
532
532
533
533
534
536
536
537
538
538
539
540
541
542
542
543
543
544
545
546
546
547
548
549
549
550
550
551
551
553
554
555
555
556
557
558
558
559
560
561
562
563
564
565
565
566
567
568
569
570
570
571
572
573
574
575
576
577
577
578
578
579
580
581
581
582
582
584
585
585
587
587
588
588
589
590
592
593
593
594
594
595
597
597
598
599
599
599
600
601
602
603
604
604
605
606
606
607
607
607
608
609
611
611
611
612
612
613
614
614
614
615
616
617
617
618
618
619
620
620
620
621
622
621
622
623
624
625
625
625
626
627
627
628
628
628
628
629
629
630
629
631
631
632
632
632
632
632
633
633
633
633
634
634
635
635
635
635
635
636
635
635
636
636
636
636
636
636
636
636
636
636
636
636
637
637
636
638
638
637
637
638
637
638
637
637
637
637
637
638
638
638
638
639
638
638
638
638
638
638
638
638
638
638
638
638
637
637
637
637
637
636
636
636
636
636
636
636
635
636
635
636
636
635
635
635
635
635
635
634
634
634
634
633
633
632
633
632
632
632
632
632
632
632
631
631
631
631
632
630
631
630
629
629
629
630
630
628
629
629
628
628
628
628
628
627
628
628
628
626
626
625
624
625
624
623
623
623
623
622
622
622
621
622
621
620
620
621
620
619
618
616
618
618
2
0 
525
0 
0 
0 
0 
0 
0 
0 
0 
0 
0 
0 
1
0 
0 
0 
0 
0 
0 
0 
0 
0 
0 
1
0 
0 
0 
0 
0 
0 
0 
0 
84
231
341
180
539
232
66
206
214
141
102
0 
0 
0 
0 
0 
0 
0 
0 
0 
0 
0 
0 
0 
0 
0 
0 
0 
5
0 
0 
0 
0 
0 
1
0 
0 
0 
4
0 
0 
0 
0 
0 
0 
0 
0 
0 
0 
0 
0 
0 
0 
0 
0 
1
0 
1
0 
0 
0 
0 
0 
0 
0 
0 
0 
0 
0 
0 
0 
0 
0 
0 
0 
0 
0 
0 
0 
1
0 
0 
0 
0 
0 
0 
0 
0 
0 
0 
0 
0 
0 
0 
0 
0 
0 
0 
0 
0 
1
0 
0 
0 
0 
0 
0 
0 
0 
0 
0 
0 
0 
0 
0 
0 
0 
0 
0 
0 
1
0 
0 
0 
0 
0 
0 
0 
0 
0 
0 
0 
0 
0 
0 
0 
0 
0 
0 
0 
0 
0 
0 
0 
0 
0 
0 
0 
0 
0 
0 
0 
0 
0 
0 
1
0 
0 
0 
0 
0 
0 
0 
0 
0 
0 
1
0 
0 
0 
0 
0 
0 
0 
0 
0 
0 
0 
1
0 
0 
0 
0 
0 
0 
0 
0 
0 
1
0 
0 
0 
0 
0 
0 
532
532
532
532
531
531
531
530
530
530
529
528
528
527
527
526
525
525
524
524
523
522
523
521
521
520
520
520
519
519
519
518
517
516
515
515
514
513
513
512
512
511
510
510
509
508
507
507
506
505
505
505
504
503
502
501
501
501
500
500
499
498
497
496
496
495
495
495
494
493
492
492
491
491
491
490
490
489
488
487
487
487
486
486
486
485
484
483
482
482
481
481
481
480
480
479
479
479
478
477
476
476
476
475
475
475
474
474
473
473
472
472
471
471
470
470
470
469
469
468
468
467
467
467
467
465
465
464
464
464
463
462
461
461
460
460
460
460
460
459
459
459
458
457
456
456
455
455
454
454
453
453
453
452
451
451
450
450
449
450
449
448
447
446
446
445
444
444
443
444
443
442
441
441
440
441
439
439
438
