439
440
439
440
464
463
463
463
463
463
463
396
442
458
463
464
463
464
463
464
464
464
464
464
465
464
465
464
464
464
464
464
464
464
463
463
463
463
463
463
463
463
463
463
463
464
464
464
464
463
464
464
464
464
458
461
459
461
463
460
463
463
463
463
462
428
451
459
462
464
464
464
464
464
464
464
464
464
463
463
463
463
463
463
463
463
463
464
463
462
161
56
18
4
0 
0 
0 
0 
0 
0 
0 
0 
0 
0 
0 
0 
0 
0 
0 
0 
0 
0 
0 
0 
0 
0 
0 
0 
0 
0 
0 
0 
0 
0 
0 
0 
0 
0 
0 
0 
0 
0 
0 
0 
0 
0 
0 
0 
0 
0 
0 
0 
0 
0 
0 
0 
0 
0 
0 
0 
0 
0 
0 
0 
0 
0 
0 
0 
0 
0 
0 
0 
0 
0 
0 
0 
0 
0 
0 
0 
0 
0 
0 
0 
0 
0 
0 
0 
0 
0 
0 
0 
0 
0 
0 
0 
0 
0 
314
420
458
469
472
472
472
472
472
472
472
472
473
473
473
474
474
475
475
476
476
477
476
476
477
478
477
478
478
479
480
480
480
480
480
481
481
481
482
482
483
484
485
485
486
486
487
487
487
488
489
489
489
490
490
490
491
491
491
492
494
494
494
495
496
496
497
498
499
499
500
500
501
502
502
502
503
504
504
504
505
506
506
507
507
509
510
511
512
513
514
515
515
515
516
517
517
517
518
518
519
520
521
521
522
522
524
524
525
526
527
528
528
529
529
531
532
532
533
533
534
535
536
536
536
537
538
538
539
540
541
542
543
544
545
545
546
547
548
549
550
550
551
551
552
553
553
553
554
555
556
557
558
559
560
560
561
563
564
565
566
566
567
567
568
570
571
572
572
572
573
574
575
575
576
576
577
578
579
581
582
582
583
583
584
585
586
587
588
588
588
589
590
590
591
592
591
593
594
596
597
598
598
599
600
600
602
603
603
603
604
605
606
606
606
607
607
607
608
609
609
610
611
611
612
613
613
614
614
616
616
616
616
617
617
617
617
618
619
618
619
620
620
621
621
621
621
622
623
623
624
625
626
626
627
627
628
627
628
628
627
629
629
629
630
630
630
630
631
630
631
631
632
631
632
632
632
632
631
631
631
632
631
631
631
631
631
631
631
631
632
632
632
633
633
633
633
633
632
632
632
632
632
632
631
630
631
631
632
632
632
632
631
632
632
633
633
633
632
632
632
631
631
632
632
631
631
632
631
631
630
630
630
630
630
630
631
630
630
630
630
630
630
629
629
629
628
628
627
627
627
627
627
626
626
625
625
625
625
625
625
624
625
624
624
624
624
623
623
622
623
622
622
621
621
620
620
620
620
620
620
620
619
619
620
620
619
619
618
618
617
617
617
617
616
616
615
615
615
614
614
612
613
610
605
211
57
15
0 
0 
0 
0 
0 
0 
0 
0 
0 
0 
0 
0 
0 
0 
0 
0 
0 
0 
0 
0 
0 
0 
0 
0 
0 
0 
0 
0 
0 
2
3
255
103
226
74
22
55
182
179
142
88
0 
0 
0 
0 
0 
0 
0 
0 
0 
0 
0 
0 
0 
0 
0 
0 
0 
0 
4
0 
0 
0 
0 
0 
0 
0 
0 
0 
0 
0 
0 
0 
0 
0 
0 
0 
0 
0 
0 
0 
0 
0 
0 
0 
0 
0 
0 
0 
0 
0 
0 
0 
0 
0 
0 
0 
0 
0 
0 
0 
0 
0 
0 
0 
0 
0 
0 
0 
0 
0 
0 
0 
0 
0 
0 
0 
0 
0 
0 
0 
0 
0 
0 
0 
0 
0 
0 
0 
0 
0 
0 
0 
0 
0 
0 
0 
0 
0 
0 
0 
0 
0 
0 
0 
0 
0 
0 
0 
0 
0 
0 
0 
0 
1
0 
0 
0 
0 
0 
0 
0 
0 
0 
0 
0 
0 
0 
0 
0 
0 
0 
0 
0 
0 
0 
0 
0 
0 
0 
0 
0 
0 
0 
0 
0 
0 
0 
0 
0 
0 
0 
0 
0 
0 
0 
0 
0 
0 
0 
0 
0 
0 
0 
0 
0 
0 
0 
0 
0 
0 
0 
0 
0 
0 
0 
0 
0 
0 
0 
0 
0 
0 
0 
0 
338
465
509
523
526
526
526
526
525
525
524
523
523
523
522
522
521
521
520
519
518
518
517
516
515
515
514
514
514
513
512
512
512
511
510
510
509
509
509
508
507
506
506
505
504
503
502
502
501
500
499
499
498
498
497
496
496
495
495
495
495
494
493
492
491
491
491
490
489
489
487
486
486
485
484
484
484
483
482
482
482
482
482
481
481
480
479
478
478
478
477
477
476
475
474
474
474
473
473
472
471
471
471
471
471
470
470
469
469
468
468
467
467
466
465
465
464
464
464
463
463
462
462
462
461
460
460
460
460
459
459
458
458
457
456
456
456
455
455
454
453
452
452
451
451
450
450
450
449
449
448
448
448
447
447
446
446
445
445
444
444
443
442
441
441
440
439
439
439
439
438
437
437
437
437
437
435
