44
436
437
436
436
460
459
459
458
457
458
457
457
331
398
432
447
454
456
457
457
458
458
458
458
459
460
460
461
461
461
460
460
460
459
460
459
458
458
458
458
458
458
458
458
458
458
459
460
461
461
460
460
460
459
459
455
455
454
454
456
454
456
457
456
457
456
436
444
450
456
459
460
461
461
461
462
461
460
460
459
458
457
457
457
457
457
456
457
457
458
458
260
133
66
27
10
2
0 
0 
0 
0 
0 
0 
0 
0 
0 
0 
0 
0 
0 
0 
0 
0 
0 
0 
0 
0 
0 
0 
0 
0 
0 
0 
0 
0 
0 
0 
0 
0 
0 
0 
0 
0 
0 
0 
0 
0 
0 
0 
0 
0 
0 
0 
0 
0 
0 
0 
0 
0 
0 
0 
0 
0 
0 
0 
0 
0 
0 
1
0 
0 
0 
0 
0 
0 
0 
0 
0 
0 
0 
0 
0 
0 
0 
0 
0 
0 
0 
0 
0 
0 
0 
0 
0 
0 
0 
0 
0 
4
206
340
412
445
459
464
466
466
466
466
466
466
466
467
467
468
468
469
470
470
472
472
472
473
473
474
474
475
474
475
475
475
475
475
476
475
475
475
476
476
477
479
480
480
481
482
482
483
483
483
484
484
484
484
484
485
485
485
485
487
487
488
490
490
491
492
493
494
495
496
496
497
497
497
497
497
498
498
498
498
498
499
500
501
501
502
504
505
506
508
510
510
511
511
512
512
512
513
513
513
513
514
514
515
516
516
517
518
520
521
522
524
523
524
525
527
527
527
528
528
529
529
529
530
530
531
531
532
533
534
535
536
538
539
540
541
542
543
544
545
546
546
546
546
547
547
548
547
548
548
549
550
551
553
554
555
556
558
559
560
561
562
563
562
563
564
566
567
567
567
567
568
568
569
571
571
572
572
574
576
577
579
578
579
580
580
581
582
583
583
583
583
583
583
584
585
585
586
588
589
590
592
593
594
595
595
597
598
598
599
598
599
601
601
600
601
601
602
603
603
603
604
605
606
607
608
609
610
610
611
612
612
612
612
612
612
612
612
613
612
613
613
614
614
615
616
616
617
617
619
619
620
621
621
622
621
622
622
622
622
622
622
622
623
623
624
624
624
625
625
626
627
627
627
628
628
628
628
627
627
627
626
626
626
626
626
626
625
626
626
627
627
627
629
629
629
629
629
628
628
627
627
627
626
626
624
625
624
624
626
625
625
625
626
626
627
627
628
628
628
627
627
627
627
626
626
626
625
625
625
624
624
624
624
624
624
625
625
626
626
626
626
626
626
625
625
624
624
623
622
622
621
622
621
620
620
620
620
620
621
620
621
621
620
620
620
619
619
619
617
617
617
616
615
614
615
614
614
614
613
614
614
614
614
615
615
614
614
614
614
613
613
612
612
611
611
609
609
609
608
608
608
608
606
603
360
169
76
30
11
5
1
0 
0 
0 
0 
0 
0 
0 
0 
0 
0 
0 
0 
0 
0 
0 
0 
0 
0 
0 
0 
0 
0 
0 
0 
0 
0 
6
175
124
198
118
63
62
140
161
147
106
38
0 
0 
0 
0 
0 
0 
0 
0 
0 
0 
0 
0 
0 
0 
0 
0 
0 
3
0 
0 
0 
0 
0 
0 
0 
0 
1
0 
0 
0 
0 
0 
0 
0 
0 
0 
0 
0 
0 
0 
0 
0 
0 
0 
0 
0 
0 
1
0 
0 
0 
0 
0 
0 
0 
0 
0 
0 
0 
0 
0 
0 
0 
0 
0 
0 
0 
0 
0 
0 
0 
0 
0 
0 
0 
0 
0 
0 
0 
0 
0 
0 
0 
0 
0 
0 
0 
0 
0 
0 
0 
0 
0 
0 
0 
0 
0 
0 
0 
0 
0 
0 
0 
0 
0 
0 
0 
0 
0 
0 
0 
1
2
0 
0 
0 
0 
0 
0 
0 
0 
0 
0 
0 
0 
0 
0 
0 
0 
0 
0 
0 
0 
0 
0 
0 
0 
0 
0 
0 
0 
0 
0 
0 
0 
0 
0 
0 
0 
0 
0 
0 
0 
0 
0 
0 
0 
0 
0 
0 
0 
0 
0 
0 
0 
0 
0 
0 
0 
0 
0 
0 
0 
0 
0 
0 
0 
0 
0 
0 
0 
0 
13
227
376
456
494
510
517
519
519
519
519
519
518
519
519
518
518
518
517
516
516
514
513
513
512
511
509
508
508
508
507
507
506
506
505
505
505
505
506
505
505
504
503
503
502
501
499
498
496
496
495
494
494
493
492
491
491
491
490
491
490
490
489
489
488
487
487
487
486
485
484
483
481
482
480
479
479
479
478
478
478
478
478
478
477
477
476
476
474
474
473
472
472
471
470
469
469
468
467
467
466
466
466
466
466
466
466
466
467
466
465
465
464
463
463
462
461
459
458
458
457
457
457
456
456
455
455
455
455
456
455
455
454
454
453
452
452
451
451
450
449
448
448
447
447
446
445
445
445
445
446
445
445
444
443
443
442
443
441
440
439
438
438
437
436
435
434
434
433
433
433
434
433
433
433
433
